				
0	,	18	,	0	,	1	,	1	,	1	,	3		
1	,	17	,	0	,	1	,	1	,	1	,	3		
2	,	15	,	3	,	2	,	3	,	2.5	,	3		
3	,	15	,	0	,	1	,	1	,	1	,	5		
4	,	16	,	0	,	1	,	2	,	1.5	,	5		
5	,	16	,	0	,	1	,	2	,	1.5	,	5		
6	,	16	,	0	,	1	,	1	,	1	,	3		
7	,	17	,	0	,	1	,	1	,	1	,	1		
8	,	15	,	0	,	1	,	1	,	1	,	1		
9	,	15	,	0	,	1	,	1	,	1	,	5		
10	,	15	,	0	,	1	,	2	,	1.5	,	2		
11	,	15	,	0	,	1	,	1	,	1	,	4		
12	,	15	,	0	,	1	,	3	,	2	,	5		
13	,	15	,	0	,	1	,	2	,	1.5	,	3		
14	,	15	,	0	,	1	,	1	,	1	,	3		
15	,	16	,	0	,	1	,	2	,	1.5	,	2		
16	,	16	,	0	,	1	,	2	,	1.5	,	2		
17	,	16	,	0	,	1	,	1	,	1	,	4		
18	,	17	,	3	,	2	,	4	,	3	,	5		
19	,	16	,	0	,	1	,	3	,	2	,	5		
20	,	15	,	0	,	1	,	1	,	1	,	1		
21	,	15	,	0	,	1	,	1	,	1	,	5		
22	,	16	,	0	,	1	,	3	,	2	,	5		
23	,	16	,	0	,	2	,	4	,	3	,	5		
24	,	15	,	0	,	1	,	1	,	1	,	5		
25	,	16	,	2	,	1	,	3	,	2	,	5		
26	,	15	,	0	,	1	,	2	,	1.5	,	5		
27	,	15	,	0	,	2	,	4	,	3	,	1		
28	,	16	,	0	,	1	,	1	,	1	,	5		
29	,	16	,	0	,	5	,	5	,	5	,	5		
30	,	15	,	0	,	3	,	4	,	3.5	,	5		
31	,	15	,	0	,	1	,	1	,	1	,	5		
32	,	15	,	0	,	1	,	1	,	1	,	5		
33	,	15	,	0	,	1	,	1	,	1	,	2		
34	,	16	,	0	,	1	,	1	,	1	,	5		
35	,	15	,	0	,	1	,	1	,	1	,	5		
36	,	15	,	0	,	1	,	1	,	1	,	4		
37	,	16	,	0	,	1	,	1	,	1	,	5		
38	,	15	,	0	,	1	,	1	,	1	,	5		
39	,	15	,	0	,	1	,	1	,	1	,	2		
40	,	16	,	1	,	1	,	2	,	1.5	,	3		
41	,	15	,	0	,	2	,	4	,	3	,	5		
42	,	15	,	0	,	1	,	1	,	1	,	5		
43	,	15	,	0	,	1	,	1	,	1	,	1		
44	,	16	,	1	,	2	,	2	,	2	,	5		
45	,	15	,	0	,	1	,	1	,	1	,	5		
46	,	16	,	0	,	1	,	4	,	2.5	,	3		
47	,	16	,	0	,	1	,	1	,	1	,	2		
48	,	15	,	0	,	2	,	2	,	2	,	5		
49	,	15	,	1	,	1	,	1	,	1	,	3		
50	,	16	,	0	,	2	,	3	,	2.5	,	4		
51	,	15	,	0	,	1	,	1	,	1	,	5		
52	,	15	,	1	,	3	,	4	,	3.5	,	5		
53	,	15	,	0	,	2	,	3	,	2.5	,	5		
54	,	15	,	0	,	4	,	4	,	4	,	1		
55	,	16	,	0	,	1	,	1	,	1	,	2		
56	,	15	,	0	,	1	,	1	,	1	,	1		
57	,	15	,	0	,	1	,	1	,	1	,	5		
58	,	15	,	0	,	1	,	1	,	1	,	5		
59	,	16	,	0	,	1	,	1	,	1	,	5		
60	,	16	,	0	,	2	,	3	,	2.5	,	4		
61	,	16	,	0	,	5	,	5	,	5	,	5		
62	,	16	,	0	,	1	,	1	,	1	,	1		
63	,	16	,	0	,	2	,	4	,	3	,	4		
64	,	15	,	0	,	2	,	4	,	3	,	2		
65	,	16	,	0	,	1	,	2	,	1.5	,	1		
66	,	15	,	0	,	5	,	5	,	5	,	3		
67	,	16	,	0	,	1	,	2	,	1.5	,	5		
68	,	15	,	0	,	1	,	3	,	2	,	4		
69	,	15	,	0	,	2	,	3	,	2.5	,	3		
70	,	16	,	0	,	1	,	1	,	1	,	5		
71	,	15	,	0	,	1	,	1	,	1	,	3		
72	,	15	,	2	,	2	,	4	,	3	,	5		
73	,	16	,	0	,	2	,	2	,	2	,	5		
74	,	16	,	0	,	2	,	4	,	3	,	5		
75	,	15	,	0	,	2	,	3	,	2.5	,	5		
76	,	15	,	0	,	1	,	1	,	1	,	1		
77	,	16	,	0	,	1	,	3	,	2	,	3		
78	,	17	,	3	,	1	,	1	,	1	,	3		
79	,	16	,	0	,	1	,	2	,	1.5	,	3		
80	,	15	,	0	,	1	,	3	,	2	,	3		
81	,	15	,	0	,	1	,	2	,	1.5	,	5		
82	,	15	,	0	,	1	,	1	,	1	,	5		
83	,	15	,	0	,	1	,	3	,	2	,	4		
84	,	15	,	0	,	2	,	3	,	2.5	,	4		
85	,	15	,	2	,	2	,	3	,	2.5	,	5		
86	,	16	,	0	,	1	,	2	,	1.5	,	2		
87	,	15	,	0	,	1	,	3	,	2	,	1		
88	,	16	,	1	,	1	,	1	,	1	,	3		
89	,	16	,	0	,	3	,	5	,	4	,	5		
90	,	16	,	0	,	1	,	3	,	2	,	4		
91	,	15	,	0	,	1	,	3	,	2	,	1		
92	,	16	,	0	,	2	,	3	,	2.5	,	2		
93	,	16	,	0	,	1	,	1	,	1	,	1		
94	,	15	,	0	,	1	,	1	,	1	,	4		
95	,	15	,	1	,	1	,	1	,	1	,	1		
96	,	16	,	0	,	1	,	1	,	1	,	4		
97	,	16	,	0	,	1	,	1	,	1	,	5		
98	,	16	,	0	,	1	,	2	,	1.5	,	1		
99	,	16	,	0	,	1	,	1	,	1	,	3		
100	,	16	,	0	,	5	,	5	,	5	,	4		
101	,	16	,	0	,	1	,	1	,	1	,	4		
102	,	15	,	0	,	1	,	1	,	1	,	5		
103	,	15	,	0	,	1	,	1	,	1	,	2		
104	,	15	,	0	,	1	,	1	,	1	,	1		
105	,	15	,	0	,	1	,	1	,	1	,	4		
106	,	15	,	0	,	1	,	1	,	1	,	3		
107	,	16	,	0	,	1	,	1	,	1	,	5		
108	,	15	,	0	,	3	,	5	,	4	,	1		
109	,	16	,	0	,	1	,	1	,	1	,	4		
110	,	15	,	0	,	1	,	1	,	1	,	4		
111	,	16	,	1	,	1	,	1	,	1	,	2		
112	,	16	,	1	,	1	,	1	,	1	,	5		
113	,	15	,	0	,	1	,	1	,	1	,	3		
114	,	15	,	0	,	1	,	1	,	1	,	5		
115	,	16	,	0	,	1	,	2	,	1.5	,	5		
116	,	15	,	0	,	1	,	1	,	1	,	2		
117	,	16	,	0	,	1	,	1	,	1	,	5		
118	,	17	,	1	,	1	,	4	,	2.5	,	5		
119	,	15	,	0	,	1	,	2	,	1.5	,	4		
120	,	15	,	0	,	1	,	2	,	1.5	,	1		
121	,	15	,	0	,	1	,	2	,	1.5	,	5		
122	,	16	,	0	,	1	,	2	,	1.5	,	5		
123	,	16	,	0	,	1	,	4	,	2.5	,	5		
124	,	16	,	0	,	1	,	1	,	1	,	5		
125	,	15	,	0	,	3	,	2	,	2.5	,	5		
126	,	15	,	0	,	1	,	1	,	1	,	1		
127	,	19	,	3	,	1	,	1	,	1	,	5		
128	,	18	,	2	,	1	,	2	,	1.5	,	4		
129	,	16	,	0	,	2	,	5	,	3.5	,	4		
130	,	15	,	2	,	2	,	2	,	2	,	5		
131	,	15	,	0	,	1	,	2	,	1.5	,	4		
132	,	17	,	0	,	1	,	3	,	2	,	5		
133	,	16	,	0	,	1	,	4	,	2.5	,	5		
134	,	15	,	0	,	1	,	1	,	1	,	5		
135	,	15	,	0	,	1	,	1	,	1	,	5		
136	,	17	,	0	,	2	,	4	,	3	,	5		
137	,	16	,	2	,	1	,	1	,	1	,	5		
138	,	16	,	1	,	1	,	3	,	2	,	5		
139	,	15	,	0	,	1	,	1	,	1	,	5		
140	,	15	,	0	,	1	,	1	,	1	,	3		
141	,	16	,	2	,	2	,	2	,	2	,	2		
142	,	15	,	0	,	1	,	1	,	1	,	5		
143	,	16	,	0	,	3	,	3	,	3	,	1		
144	,	17	,	3	,	1	,	2	,	1.5	,	5		
145	,	15	,	0	,	1	,	2	,	1.5	,	5		
146	,	15	,	3	,	1	,	1	,	1	,	3		
147	,	15	,	0	,	1	,	1	,	1	,	5		
148	,	16	,	0	,	2	,	1	,	1.5	,	5		
149	,	15	,	3	,	2	,	5	,	3.5	,	5		
150	,	18	,	3	,	2	,	5	,	3.5	,	4		
151	,	16	,	1	,	3	,	5	,	4	,	5		
152	,	15	,	2	,	2	,	3	,	2.5	,	3		
153	,	19	,	3	,	1	,	1	,	1	,	4		
154	,	17	,	0	,	1	,	1	,	1	,	4		
155	,	15	,	0	,	1	,	1	,	1	,	1		
156	,	17	,	0	,	3	,	3	,	3	,	5		
157	,	18	,	3	,	1	,	5	,	3	,	4		
158	,	16	,	0	,	1	,	2	,	1.5	,	3		
159	,	16	,	1	,	4	,	4	,	4	,	5		
160	,	17	,	2	,	2	,	2	,	2	,	5		
161	,	15	,	2	,	1	,	4	,	2.5	,	3		
162	,	16	,	1	,	2	,	4	,	3	,	5		
163	,	17	,	0	,	1	,	4	,	2.5	,	2		
164	,	17	,	3	,	1	,	5	,	3	,	5		
165	,	16	,	1	,	1	,	1	,	1	,	2		
166	,	16	,	0	,	2	,	4	,	3	,	4		
167	,	16	,	0	,	1	,	1	,	1	,	3		
168	,	16	,	0	,	1	,	1	,	1	,	4		
169	,	16	,	0	,	1	,	1	,	1	,	3		
170	,	16	,	2	,	2	,	4	,	3	,	2		
171	,	16	,	0	,	1	,	1	,	1	,	3		
172	,	17	,	0	,	1	,	3	,	2	,	5		
173	,	16	,	3	,	1	,	1	,	1	,	3		
174	,	16	,	0	,	1	,	1	,	1	,	4		
175	,	17	,	0	,	4	,	4	,	4	,	4		
176	,	16	,	0	,	1	,	4	,	2.5	,	5		
177	,	17	,	0	,	1	,	4	,	2.5	,	4		
178	,	16	,	0	,	3	,	4	,	3.5	,	3		
179	,	17	,	0	,	1	,	1	,	1	,	2		
180	,	16	,	0	,	2	,	3	,	2.5	,	3		
181	,	16	,	0	,	1	,	2	,	1.5	,	3		
182	,	17	,	0	,	2	,	3	,	2.5	,	5		
183	,	17	,	0	,	2	,	3	,	2.5	,	1		
184	,	16	,	0	,	1	,	2	,	1.5	,	1		
185	,	17	,	0	,	2	,	3	,	2.5	,	4		
186	,	16	,	0	,	1	,	2	,	1.5	,	3		
187	,	16	,	0	,	1	,	2	,	1.5	,	5		
188	,	17	,	0	,	1	,	3	,	2	,	3		
189	,	17	,	0	,	1	,	5	,	3	,	3		
190	,	16	,	0	,	1	,	1	,	1	,	2		
191	,	17	,	0	,	1	,	1	,	1	,	3		
192	,	17	,	0	,	4	,	5	,	4.5	,	5		
193	,	16	,	0	,	3	,	4	,	3.5	,	5		
194	,	16	,	0	,	1	,	1	,	1	,	3		
195	,	17	,	0	,	1	,	1	,	1	,	5		
196	,	17	,	0	,	1	,	2	,	1.5	,	5		
197	,	16	,	0	,	3	,	5	,	4	,	3		
198	,	17	,	1	,	2	,	3	,	2.5	,	2		
199	,	16	,	0	,	1	,	2	,	1.5	,	3		
200	,	16	,	0	,	1	,	5	,	3	,	2		
201	,	16	,	0	,	1	,	3	,	2	,	4		
202	,	17	,	0	,	1	,	3	,	2	,	1		
203	,	17	,	0	,	1	,	2	,	1.5	,	3		
204	,	16	,	0	,	1	,	1	,	1	,	5		
205	,	17	,	1	,	3	,	4	,	3.5	,	5		
206	,	16	,	3	,	2	,	2	,	2	,	4		
207	,	16	,	0	,	1	,	1	,	1	,	1		
208	,	16	,	0	,	1	,	4	,	2.5	,	5		
209	,	17	,	0	,	1	,	1	,	1	,	4		
210	,	19	,	0	,	1	,	2	,	1.5	,	3		
211	,	17	,	0	,	4	,	5	,	4.5	,	3		
212	,	16	,	0	,	1	,	1	,	1	,	4		
213	,	18	,	1	,	2	,	4	,	3	,	5		
214	,	17	,	0	,	1	,	2	,	1.5	,	3		
215	,	17	,	0	,	1	,	3	,	2	,	1		
216	,	17	,	2	,	2	,	4	,	3	,	1		
217	,	18	,	1	,	2	,	4	,	3	,	4		
218	,	17	,	0	,	1	,	4	,	2.5	,	3		
219	,	17	,	0	,	1	,	1	,	1	,	4		
220	,	17	,	0	,	1	,	2	,	1.5	,	5		
221	,	17	,	1	,	1	,	1	,	1	,	5		
222	,	16	,	0	,	1	,	1	,	1	,	3		
223	,	18	,	0	,	5	,	5	,	5	,	4		
224	,	16	,	0	,	1	,	1	,	1	,	5		
225	,	18	,	1	,	1	,	1	,	1	,	4		
226	,	17	,	0	,	1	,	3	,	2	,	3		
227	,	17	,	0	,	1	,	3	,	2	,	3		
228	,	18	,	0	,	4	,	5	,	4.5	,	3		
229	,	17	,	0	,	1	,	2	,	1.5	,	3		
230	,	17	,	0	,	1	,	2	,	1.5	,	3		
231	,	17	,	0	,	1	,	1	,	1	,	1		
232	,	17	,	0	,	1	,	3	,	2	,	2		
233	,	16	,	0	,	2	,	4	,	3	,	1		
234	,	16	,	0	,	1	,	1	,	1	,	5		
235	,	16	,	0	,	1	,	3	,	2	,	2		
236	,	17	,	0	,	5	,	5	,	5	,	4		
237	,	16	,	0	,	1	,	1	,	1	,	5		
238	,	17	,	0	,	1	,	1	,	1	,	3		
239	,	18	,	1	,	3	,	5	,	4	,	2		
240	,	17	,	0	,	1	,	4	,	2.5	,	5		
241	,	17	,	0	,	2	,	3	,	2.5	,	4		
242	,	16	,	0	,	1	,	1	,	1	,	3		
243	,	16	,	0	,	1	,	2	,	1.5	,	5		
244	,	18	,	0	,	1	,	1	,	1	,	3		
245	,	16	,	0	,	1	,	1	,	1	,	4		
246	,	17	,	0	,	1	,	1	,	1	,	2		
247	,	22	,	3	,	5	,	5	,	5	,	1		
248	,	18	,	1	,	1	,	3	,	2	,	5		
249	,	16	,	0	,	2	,	4	,	3	,	5		
250	,	18	,	1	,	2	,	4	,	3	,	5		
251	,	16	,	0	,	1	,	3	,	2	,	2		
252	,	18	,	1	,	2	,	5	,	3.5	,	5		
253	,	16	,	0	,	1	,	3	,	2	,	3		
254	,	17	,	0	,	2	,	4	,	3	,	5		
255	,	17	,	1	,	1	,	2	,	1.5	,	5		
256	,	17	,	0	,	1	,	1	,	1	,	4		
257	,	19	,	0	,	1	,	1	,	1	,	1		
258	,	18	,	0	,	1	,	2	,	1.5	,	4		
259	,	17	,	0	,	1	,	1	,	1	,	2		
260	,	18	,	0	,	1	,	3	,	2	,	2		
261	,	18	,	0	,	1	,	1	,	1	,	3		
262	,	18	,	0	,	1	,	1	,	1	,	3		
263	,	17	,	0	,	1	,	1	,	1	,	4		
264	,	18	,	0	,	1	,	1	,	1	,	3		
265	,	18	,	0	,	3	,	4	,	3.5	,	1		
266	,	17	,	0	,	3	,	4	,	3.5	,	5		
267	,	18	,	0	,	2	,	2	,	2	,	4		
268	,	18	,	0	,	1	,	3	,	2	,	5		
269	,	18	,	0	,	1	,	2	,	1.5	,	3		
270	,	19	,	2	,	3	,	3	,	3	,	5		
271	,	18	,	0	,	1	,	3	,	2	,	2		
272	,	18	,	0	,	1	,	1	,	1	,	3		
273	,	17	,	0	,	2	,	2	,	2	,	1		
274	,	17	,	0	,	1	,	1	,	1	,	1		
275	,	17	,	0	,	2	,	3	,	2.5	,	5		
276	,	18	,	0	,	1	,	1	,	1	,	5		
277	,	18	,	0	,	1	,	4	,	2.5	,	3		
278	,	18	,	1	,	1	,	1	,	1	,	4		
279	,	18	,	0	,	1	,	2	,	1.5	,	1		
280	,	17	,	0	,	2	,	4	,	3	,	5		
281	,	17	,	1	,	3	,	4	,	3.5	,	3		
282	,	18	,	0	,	1	,	1	,	1	,	3		
283	,	18	,	0	,	1	,	1	,	1	,	4		
284	,	17	,	0	,	1	,	2	,	1.5	,	5		
285	,	17	,	0	,	1	,	2	,	1.5	,	4		
286	,	18	,	0	,	1	,	2	,	1.5	,	2		
287	,	17	,	0	,	1	,	1	,	1	,	3		
288	,	18	,	0	,	1	,	3	,	2	,	2		
289	,	18	,	0	,	1	,	1	,	1	,	2		
290	,	18	,	0	,	1	,	4	,	2.5	,	5		
291	,	17	,	0	,	1	,	2	,	1.5	,	3		
292	,	18	,	1	,	1	,	1	,	1	,	5		
293	,	17	,	0	,	1	,	1	,	1	,	3		
294	,	18	,	0	,	1	,	1	,	1	,	4		
295	,	17	,	0	,	1	,	3	,	2	,	5		
296	,	19	,	0	,	2	,	3	,	2.5	,	2		
297	,	18	,	0	,	1	,	2	,	1.5	,	2		
298	,	18	,	0	,	1	,	1	,	1	,	3		
299	,	18	,	0	,	2	,	2	,	2	,	1		
300	,	18	,	0	,	1	,	1	,	1	,	4		
301	,	17	,	0	,	2	,	2	,	2	,	5		
302	,	17	,	0	,	1	,	1	,	1	,	3		
303	,	17	,	0	,	1	,	2	,	1.5	,	5		
304	,	19	,	1	,	1	,	1	,	1	,	3		
305	,	18	,	1	,	1	,	1	,	1	,	3		
306	,	20	,	0	,	1	,	1	,	1	,	5		
307	,	19	,	1	,	1	,	1	,	1	,	4		
308	,	19	,	1	,	1	,	2	,	1.5	,	5		
309	,	19	,	1	,	1	,	3	,	2	,	3		
310	,	19	,	1	,	2	,	2	,	2	,	3		
311	,	19	,	0	,	1	,	1	,	1	,	2		
312	,	19	,	1	,	2	,	2	,	2	,	4		
313	,	19	,	1	,	1	,	2	,	1.5	,	1		
314	,	19	,	2	,	1	,	1	,	1	,	3		
315	,	19	,	1	,	1	,	1	,	1	,	3		
316	,	18	,	0	,	1	,	2	,	1.5	,	1		
317	,	18	,	0	,	1	,	1	,	1	,	5		
318	,	17	,	0	,	2	,	5	,	3.5	,	5		
319	,	18	,	0	,	3	,	3	,	3	,	5		
320	,	17	,	0	,	1	,	2	,	1.5	,	5		
321	,	17	,	0	,	1	,	1	,	1	,	3		
322	,	17	,	0	,	2	,	2	,	2	,	3		
323	,	17	,	0	,	2	,	3	,	2.5	,	5		
324	,	17	,	0	,	2	,	3	,	2.5	,	2		
325	,	18	,	0	,	2	,	2	,	2	,	3		
326	,	17	,	0	,	3	,	5	,	4	,	5		
327	,	17	,	0	,	5	,	5	,	5	,	4		
328	,	17	,	0	,	1	,	3	,	2	,	4		
329	,	17	,	0	,	1	,	2	,	1.5	,	4		
330	,	18	,	0	,	2	,	4	,	3	,	5		
331	,	17	,	0	,	1	,	1	,	1	,	5		
332	,	18	,	0	,	1	,	1	,	1	,	4		
333	,	18	,	0	,	1	,	1	,	1	,	2		
334	,	18	,	0	,	1	,	1	,	1	,	4		
335	,	17	,	0	,	1	,	3	,	2	,	5		
336	,	19	,	1	,	1	,	2	,	1.5	,	5		
337	,	17	,	0	,	2	,	3	,	2.5	,	2		
338	,	18	,	0	,	1	,	1	,	1	,	1		
339	,	17	,	0	,	2	,	3	,	2.5	,	2		
340	,	19	,	1	,	1	,	3	,	2	,	3		
341	,	18	,	1	,	2	,	2	,	2	,	2		
342	,	18	,	0	,	1	,	3	,	2	,	5		
343	,	17	,	1	,	1	,	2	,	1.5	,	4		
344	,	18	,	0	,	1	,	2	,	1.5	,	3		
345	,	18	,	0	,	2	,	3	,	2.5	,	1		
346	,	18	,	0	,	1	,	2	,	1.5	,	4		
347	,	18	,	0	,	2	,	3	,	2.5	,	5		
348	,	17	,	0	,	1	,	3	,	2	,	4		
349	,	18	,	1	,	5	,	5	,	5	,	5		
350	,	19	,	3	,	3	,	3	,	3	,	2		
351	,	17	,	0	,	2	,	3	,	2.5	,	3		
352	,	18	,	1	,	2	,	3	,	2.5	,	3		
353	,	19	,	1	,	3	,	3	,	3	,	5		
354	,	17	,	0	,	1	,	3	,	2	,	2		
355	,	18	,	0	,	1	,	1	,	1	,	5		
356	,	17	,	0	,	1	,	2	,	1.5	,	5		
357	,	17	,	0	,	1	,	2	,	1.5	,	5		
358	,	18	,	0	,	1	,	2	,	1.5	,	3		
359	,	18	,	0	,	1	,	1	,	1	,	4		
360	,	18	,	0	,	1	,	4	,	2.5	,	5		
361	,	18	,	1	,	2	,	3	,	2.5	,	5		
362	,	18	,	0	,	1	,	3	,	2	,	3		
363	,	17	,	0	,	1	,	1	,	1	,	1		
364	,	17	,	0	,	1	,	2	,	1.5	,	3		
365	,	18	,	0	,	2	,	4	,	3	,	3		
366	,	18	,	0	,	2	,	2	,	2	,	5		
367	,	17	,	1	,	1	,	2	,	1.5	,	1		
368	,	18	,	0	,	1	,	2	,	1.5	,	4		
369	,	18	,	0	,	4	,	2	,	3	,	5		
370	,	19	,	2	,	1	,	1	,	1	,	3		
371	,	18	,	0	,	2	,	3	,	2.5	,	3		
372	,	17	,	0	,	1	,	1	,	1	,	3		
373	,	17	,	0	,	1	,	3	,	2	,	1		
374	,	18	,	0	,	1	,	1	,	1	,	1		
375	,	18	,	0	,	1	,	2	,	1.5	,	4		
376	,	20	,	2	,	1	,	1	,	1	,	3		
377	,	18	,	0	,	3	,	4	,	3.5	,	2		
378	,	18	,	0	,	1	,	2	,	1.5	,	1		
379	,	17	,	0	,	2	,	3	,	2.5	,	1		
380	,	18	,	0	,	1	,	4	,	2.5	,	2		
381	,	18	,	0	,	1	,	3	,	2	,	5		
382	,	17	,	0	,	1	,	1	,	1	,	3		
383	,	19	,	1	,	1	,	3	,	2	,	5		
384	,	18	,	1	,	4	,	3	,	3.5	,	3		
385	,	18	,	0	,	1	,	3	,	2	,	4		
386	,	18	,	0	,	2	,	2	,	2	,	5		
387	,	19	,	1	,	1	,	2	,	1.5	,	5		
388	,	18	,	0	,	1	,	1	,	1	,	1		
389	,	18	,	1	,	1	,	1	,	1	,	5		
390	,	20	,	2	,	4	,	5	,	4.5	,	4		
391	,	17	,	0	,	3	,	4	,	3.5	,	2		
392	,	21	,	3	,	3	,	3	,	3	,	3		
393	,	18	,	0	,	3	,	4	,	3.5	,	5		
394	,	19	,	0	,	3	,	3	,	3	,	5		
